-12.4678    28.5227    1
-12.5478    28.5429    2
-12.6378    28.5656    3
-12.7378    28.5908    4
-12.8778    28.6260    5
-13.0078    28.6588    6
-13.2062    28.7088    7
-13.3622    28.7380    8
-13.4667    28.7667    9
-13.7051    28.8024    10
-14.1020    28.8755    11
-14.3757    28.9393    12
-14.7297    29.0166    13
-15.1100    29.0955    14
-15.5007    29.1667    15
-15.8347    29.1667    16
-16.1979    29.1667    17
-16.5683    29.1667    18
-16.9136    29.1667    19
-17.2862    29.1667    20
-17.6543    29.1667    21
-18.0025    29.1667    22
-18.2425    29.1667    23
-18.4963    29.1667    24


